SOFTSUSY problem: 
pars=(1,5):
 400  200 -300 -300 -300
 tanb=10 oneset=mU: 0.00137227  mC: 0.622909  mt: 163.346  mt^pole: 170.9
mD: 0.00272863  mS: 0.0597426  mB: 2.86346  mb(mb):  4.2
mE: 0.000502666  mM: 0.103935  mT: 1.75161  mb^pole: 4.96632
aE: 127.918  aS: 0.1189   Q: 91.1876  mT^pole: 1.777
loops: 3        thresholds: 1

