DEBUG: BC at 2.00000000e+16: ----------------------------------------------------------
Gravitino mass M3/2: 1.00000000e+19
Msusy: 0.00000000e+00 MW: 8.04040000e+01 Predicted MZ: 0.00000000e+00
Data set:
alpha(MZ): 1.27918000e+02  alpha_s(MZ): 1.18900000e-01
mU: 1.20296141e-03  mC: 5.98523809e-01  mt: 1.62728575e+02  mt^pole: 1.70900000e+02
mD: 2.58398864e-03  mS: 5.27793425e-02  mB: 2.73057090e+00  mb(mb):  4.20000000e+00
mE: 5.01478757e-04  mM: 1.03689885e-01  mT: 1.74751353e+00  mb^pole: 4.94930924e+00
aE: 1.27729159e+02  aS: 1.08538593e-01   Q: 1.70900000e+02  mT^pole: 1.77700000e+00
loops: 3        thresholds: 1
----------------------------------------------------------
RPC MSSM parameters at Q: 2.00000000e+16
 UA(3,3):
-7.09817818e-04  0.00000000e+00  0.00000000e+00 
 0.00000000e+00 -3.53165305e-01  0.00000000e+00 
 0.00000000e+00  0.00000000e+00 -9.20976219e+01 
 UD(3,3):
-1.08552396e-02  0.00000000e+00  0.00000000e+00 
 0.00000000e+00 -2.21724532e-01  0.00000000e+00 
 0.00000000e+00  0.00000000e+00 -1.21423544e+01 
 UE(3,3):
-4.68887284e-03  0.00000000e+00  0.00000000e+00 
 0.00000000e+00 -9.69520058e-01  0.00000000e+00 
 0.00000000e+00  0.00000000e+00 -1.63876380e+01 
 mQLsq(3,3):
 1.60000000e+05  0.00000000e+00  0.00000000e+00 
 0.00000000e+00  1.60000000e+05  0.00000000e+00 
 0.00000000e+00  0.00000000e+00  1.60000000e+05 
 mURsq(3,3):
 1.60000000e+05  0.00000000e+00  0.00000000e+00 
 0.00000000e+00  1.60000000e+05  0.00000000e+00 
 0.00000000e+00  0.00000000e+00  1.60000000e+05 
 mDRsq(3,3):
 1.60000000e+05  0.00000000e+00  0.00000000e+00 
 0.00000000e+00  1.60000000e+05  0.00000000e+00 
 0.00000000e+00  0.00000000e+00  1.60000000e+05 
 mLLsq(3,3):
 1.60000000e+05  0.00000000e+00  0.00000000e+00 
 0.00000000e+00  1.60000000e+05  0.00000000e+00 
 0.00000000e+00  0.00000000e+00  1.60000000e+05 
 mSEsq(3,3):
 1.60000000e+05  0.00000000e+00  0.00000000e+00 
 0.00000000e+00  1.60000000e+05  0.00000000e+00 
 0.00000000e+00  0.00000000e+00  1.60000000e+05 
m3sq: 0.00000000e+00 mH1sq: 1.60000000e+05 mH2sq: 1.60000000e+05
Gaugino masses(1,3):
 3.50000000e+02  3.50000000e+02  3.50000000e+02
 mixing: 2
 Y^U(3,3):
 2.36605939e-06  0.00000000e+00  0.00000000e+00 
 0.00000000e+00  1.17721768e-03  0.00000000e+00 
 0.00000000e+00  0.00000000e+00  3.06992073e-01 
 Y^D(3,3):
 3.61841321e-05  0.00000000e+00  0.00000000e+00 
 0.00000000e+00  7.39081772e-04  0.00000000e+00 
 0.00000000e+00  0.00000000e+00  4.04745147e-02 
 Y^E(3,3):
 1.56295761e-05  0.00000000e+00  0.00000000e+00 
 0.00000000e+00  3.23173353e-03  0.00000000e+00 
 0.00000000e+00  0.00000000e+00  5.46254600e-02 
higgs VEV: 2.47704031e+02 tan beta: 8.50771002e+00 smu: 0.00000000e+00
g1: 7.09457947e-01 g2: 7.51353148e-01 g3: 7.20979737e-01
thresholds: 0 #loops: 2
t1/v1(MS)=0.00000000e+00 t2/v2(MS)=0.00000000e+00
----------------------------------------------------------
Physical MSSM parameters:
mh^0: (1,2):
 0.00000000e+00  0.00000000e+00
mA^0: (1,1):
 0.00000000e+00
mH^+-: 0.00000000e+00
alpha: 0.00000000e+00
sneutrinos(1,3):
 0.00000000e+00  0.00000000e+00  0.00000000e+00
mU~(2,3):
 0.00000000e+00  0.00000000e+00  0.00000000e+00 
 0.00000000e+00  0.00000000e+00  0.00000000e+00 
mD~(2,3):
 0.00000000e+00  0.00000000e+00  0.00000000e+00 
 0.00000000e+00  0.00000000e+00  0.00000000e+00 
mE~(2,3):
 0.00000000e+00  0.00000000e+00  0.00000000e+00 
 0.00000000e+00  0.00000000e+00  0.00000000e+00 
thetat: 0.00000000e+00 thetab: 0.00000000e+00 thetatau: 0.00000000e+00
thetamu: 0.00000000e+00
mGluino:  0.00000000e+00
charginos(1,2):
 0.00000000e+00  0.00000000e+00
thetaL: 0.00000000e+00 thetaR: 0.00000000e+00
neutralinos(1,4):
 0.00000000e+00  0.00000000e+00  0.00000000e+00  0.00000000e+00
neutralino mixing matrix (4,4):
 0.00000000e+00  0.00000000e+00  0.00000000e+00  0.00000000e+00 
 0.00000000e+00  0.00000000e+00  0.00000000e+00  0.00000000e+00 
 0.00000000e+00  0.00000000e+00  0.00000000e+00  0.00000000e+00 
 0.00000000e+00  0.00000000e+00  0.00000000e+00  0.00000000e+00 
CP even Higgs mixing matrix: (2,2):
 0.00000000e+00  0.00000000e+00 
 0.00000000e+00  0.00000000e+00 
CP odd mixing angle: 0.00000000e+00
lsp is neutralino of mass 0.00000000e+00 GeV
----------------------------------------------------------
singlet VEV: 2.80594878e+03 lambda: 8.51517722e-02 kappa: 1.02422592e-01
 mupr: 0.00000000e+00 xiF: 1.00801096e+02
 alambda: -2.55455317e+01 akappa: -3.07267775e+01
 mSsq: 1.60000000e+05 mSPsq: 0.00000000e+00 xiS: 0.00000000e+00
DEBUG: BC at 2.00000000e+16: ----------------------------------------------------------
Gravitino mass M3/2: 1.00000000e+19
Msusy: 7.74499372e+02 MW: 7.81260110e+01 Predicted MZ: -nan
Data set:
alpha(MZ): 1.27918000e+02  alpha_s(MZ): 1.18900000e-01
mU: 1.20296141e-03  mC: 5.98523809e-01  mt: 1.62728575e+02  mt^pole: 1.70900000e+02
mD: 2.58398864e-03  mS: 5.27793425e-02  mB: 2.73057090e+00  mb(mb):  4.20000000e+00
mE: 5.01478757e-04  mM: 1.03689885e-01  mT: 1.74751353e+00  mb^pole: 4.94930924e+00
aE: 1.27729159e+02  aS: 1.08538593e-01   Q: 1.70900000e+02  mT^pole: 1.77700000e+00
loops: 3        thresholds: 1
----------------------------------------------------------
RPC MSSM parameters at Q: 2.00000000e+16
 UA(3,3):
-8.83728417e-04  0.00000000e+00  0.00000000e+00 
 0.00000000e+00 -4.39693800e-01  0.00000000e+00 
 0.00000000e+00  0.00000000e+00 -1.44742729e+02 
 UD(3,3):
-1.47733307e-02  0.00000000e+00  0.00000000e+00 
 0.00000000e+00 -3.01754123e-01  0.00000000e+00 
 0.00000000e+00  0.00000000e+00 -1.55461695e+01 
 UE(3,3):
-6.03251581e-03  0.00000000e+00  0.00000000e+00 
 0.00000000e+00 -1.24735341e+00  0.00000000e+00 
 0.00000000e+00  0.00000000e+00 -2.15967290e+01 
 mQLsq(3,3):
 1.60000000e+05  0.00000000e+00  0.00000000e+00 
 0.00000000e+00  1.60000000e+05  0.00000000e+00 
 0.00000000e+00  0.00000000e+00  1.60000000e+05 
 mURsq(3,3):
 1.60000000e+05  0.00000000e+00  0.00000000e+00 
 0.00000000e+00  1.60000000e+05  0.00000000e+00 
 0.00000000e+00  0.00000000e+00  1.60000000e+05 
 mDRsq(3,3):
 1.60000000e+05  0.00000000e+00  0.00000000e+00 
 0.00000000e+00  1.60000000e+05  0.00000000e+00 
 0.00000000e+00  0.00000000e+00  1.60000000e+05 
 mLLsq(3,3):
 1.60000000e+05  0.00000000e+00  0.00000000e+00 
 0.00000000e+00  1.60000000e+05  0.00000000e+00 
 0.00000000e+00  0.00000000e+00  1.60000000e+05 
 mSEsq(3,3):
 1.60000000e+05  0.00000000e+00  0.00000000e+00 
 0.00000000e+00  1.60000000e+05  0.00000000e+00 
 0.00000000e+00  0.00000000e+00  1.60000000e+05 
m3sq: -3.53095047e+04 mH1sq: 1.60000000e+05 mH2sq: 1.60000000e+05
Gaugino masses(1,3):
 3.50000000e+02  3.50000000e+02  3.50000000e+02
 mixing: 2
 Y^U(3,3):
 2.94576139e-06  0.00000000e+00  0.00000000e+00 
 0.00000000e+00  1.46564600e-03  0.00000000e+00 
 0.00000000e+00  0.00000000e+00  4.82475764e-01 
 Y^D(3,3):
 4.92444358e-05  0.00000000e+00  0.00000000e+00 
 0.00000000e+00  1.00584708e-03  0.00000000e+00 
 0.00000000e+00  0.00000000e+00  5.18205649e-02 
 Y^E(3,3):
 2.01083860e-05  0.00000000e+00  0.00000000e+00 
 0.00000000e+00  4.15784471e-03  0.00000000e+00 
 0.00000000e+00  0.00000000e+00  7.19890966e-02 
higgs VEV: 2.13041425e+02 tan beta: 7.57927652e+00 smu: 2.77297212e+02
g1: 7.14915739e-01 g2: 7.15509901e-01 g3: 7.06530263e-01
thresholds: 0 #loops: 2
t1/v1(MS)=-1.39910332e+04 t2/v2(MS)=9.54833717e+03
----------------------------------------------------------
Physical MSSM parameters:
mh^0: (1,3):
 8.12474449e+01  4.96084450e+02  6.81462081e+02
mA^0: (1,2):
 5.99395396e+02  6.82100497e+02
mH^+-: 6.85585098e+02
alpha: 0.00000000e+00
sneutrinos(1,3):
 4.61093732e+02  4.61087881e+02  4.59432114e+02
mU~(2,3):
 9.37549018e+02  9.37546046e+02  9.13357467e+02 
 9.19581539e+02  9.19577712e+02  6.92595568e+02 
mD~(2,3):
 9.42064292e+02  9.42061335e+02  8.56755704e+02 
 9.17462385e+02  9.17460082e+02  9.12908441e+02 
mE~(2,3):
 4.70206762e+02  4.70202489e+02  4.70073581e+02 
 4.19583734e+02  4.19569107e+02  4.14198835e+02 
thetat: -5.20615102e-01 thetab: 1.57003190e-01 thetatau: -1.69275395e-01
thetamu: -5.52928809e-03
mGluino:  9.19887572e+02
charginos(1,2):
 2.45485043e+02  5.34609937e+02
thetaL: -2.87878770e-01 thetaR: -1.56857749e-01
neutralinos(1,5):
 1.38138604e+02  2.45155536e+02  3.88793874e+02 -5.22147989e+02  5.35828751e+02
neutralino mixing matrix (5,5):
 9.94040328e-01  5.44670615e-02 -1.25351558e-02 -4.20194612e-02 -8.36325275e-02 
-3.11507173e-02  9.71242022e-01  4.40965789e-02  6.70565192e-02  2.21985320e-01 
 9.80297330e-02 -2.01500680e-01  3.89765202e-02  7.01061180e-01  6.75856272e-01 
-3.52847723e-02  1.11346523e-01 -6.76969392e-02  7.08487348e-01 -6.92690219e-01 
 7.65603000e-03 -2.68645041e-02  9.95889711e-01  1.72246142e-02 -8.44196624e-02 
CP even Higgs mixing matrix: (3,3):
 1.01102181e-01  9.91238187e-01 -8.50012135e-02 
 2.83979512e-02  8.25288558e-02  9.96183991e-01 
 9.94470666e-01 -1.03130235e-01 -1.98052863e-02 
CP odd mixing angle: 1.46065428e+00
lsp is neutralino of mass 1.38138604e+02 GeV
----------------------------------------------------------
singlet VEV: 2.80157515e+03 lambda: 1.15656781e-01 kappa: 1.00239360e-01
 mupr: 0.00000000e+00 xiF: 1.00079723e+02
 alambda: -3.46970344e+01 akappa: -3.00718081e+01
 mSsq: 1.60000000e+05 mSPsq: -0.00000000e+00 xiS: 1.54022710e+07
DEBUG: BC at 2.09497789e+16: ----------------------------------------------------------
Gravitino mass M3/2: 1.00000000e+19
Msusy: 6.64253581e+02 MW: 8.02685785e+01 Predicted MZ: 1.46238537e+02
Data set:
alpha(MZ): 1.27918000e+02  alpha_s(MZ): 1.18900000e-01
mU: 1.20296141e-03  mC: 5.98523809e-01  mt: 1.62728575e+02  mt^pole: 1.70900000e+02
mD: 2.58398864e-03  mS: 5.27793425e-02  mB: 2.73057090e+00  mb(mb):  4.20000000e+00
mE: 5.01478757e-04  mM: 1.03689885e-01  mT: 1.74751353e+00  mb^pole: 4.94930924e+00
aE: 1.27729159e+02  aS: 1.08538593e-01   Q: 1.70900000e+02  mT^pole: 1.77700000e+00
loops: 3        thresholds: 1
----------------------------------------------------------
RPC MSSM parameters at Q: 2.09497789e+16
 UA(3,3):
-8.53735723e-04  0.00000000e+00  0.00000000e+00 
 0.00000000e+00 -4.24771014e-01  0.00000000e+00 
 0.00000000e+00  0.00000000e+00 -1.42937574e+02 
 UD(3,3):
-1.43163104e-02  0.00000000e+00  0.00000000e+00 
 0.00000000e+00 -2.92419156e-01  0.00000000e+00 
 0.00000000e+00  0.00000000e+00 -1.51827802e+01 
 UE(3,3):
-5.85671742e-03  0.00000000e+00  0.00000000e+00 
 0.00000000e+00 -1.21100219e+00  0.00000000e+00 
 0.00000000e+00  0.00000000e+00 -2.10341900e+01 
 mQLsq(3,3):
 1.60000000e+05  0.00000000e+00  0.00000000e+00 
 0.00000000e+00  1.60000000e+05  0.00000000e+00 
 0.00000000e+00  0.00000000e+00  1.60000000e+05 
 mURsq(3,3):
 1.60000000e+05  0.00000000e+00  0.00000000e+00 
 0.00000000e+00  1.60000000e+05  0.00000000e+00 
 0.00000000e+00  0.00000000e+00  1.60000000e+05 
 mDRsq(3,3):
 1.60000000e+05  0.00000000e+00  0.00000000e+00 
 0.00000000e+00  1.60000000e+05  0.00000000e+00 
 0.00000000e+00  0.00000000e+00  1.60000000e+05 
 mLLsq(3,3):
 1.60000000e+05  0.00000000e+00  0.00000000e+00 
 0.00000000e+00  1.60000000e+05  0.00000000e+00 
 0.00000000e+00  0.00000000e+00  1.60000000e+05 
 mSEsq(3,3):
 1.60000000e+05  0.00000000e+00  0.00000000e+00 
 0.00000000e+00  1.60000000e+05  0.00000000e+00 
 0.00000000e+00  0.00000000e+00  1.60000000e+05 
m3sq: 1.55536661e+04 mH1sq: 1.60000000e+05 mH2sq: 1.60000000e+05
Gaugino masses(1,3):
 3.50000000e+02  3.50000000e+02  3.50000000e+02
 mixing: 2
 Y^U(3,3):
 2.84578574e-06  0.00000000e+00  0.00000000e+00 
 0.00000000e+00  1.41590338e-03  0.00000000e+00 
 0.00000000e+00  0.00000000e+00  4.76458578e-01 
 Y^D(3,3):
 4.77210348e-05  0.00000000e+00  0.00000000e+00 
 0.00000000e+00  9.74730520e-04  0.00000000e+00 
 0.00000000e+00  0.00000000e+00  5.06092672e-02 
 Y^E(3,3):
 1.95223914e-05  0.00000000e+00  0.00000000e+00 
 0.00000000e+00  4.03667398e-03  0.00000000e+00 
 0.00000000e+00  0.00000000e+00  7.01139667e-02 
higgs VEV: 2.20015427e+02 tan beta: 7.60250809e+00 smu: 2.87032632e+02
g1: 7.15723599e-01 g2: 7.15420721e-01 g3: 7.06568610e-01
thresholds: 0 #loops: 2
t1/v1(MS)=-1.03844871e+03 t2/v2(MS)=1.04853505e+04
----------------------------------------------------------
Physical MSSM parameters:
mh^0: (1,3):
 8.12474449e+01  4.96084450e+02  6.81462081e+02
mA^0: (1,2):
 5.99395396e+02  6.82100497e+02
mH^+-: 6.85585098e+02
alpha: 0.00000000e+00
sneutrinos(1,3):
 4.61093732e+02  4.61087881e+02  4.59432114e+02
mU~(2,3):
 9.37549018e+02  9.37546046e+02  9.13357467e+02 
 9.19581539e+02  9.19577712e+02  6.92595568e+02 
mD~(2,3):
 9.42064292e+02  9.42061335e+02  8.56755704e+02 
 9.17462385e+02  9.17460082e+02  9.12908441e+02 
mE~(2,3):
 4.70206762e+02  4.70202489e+02  4.70073581e+02 
 4.19583734e+02  4.19569107e+02  4.14198835e+02 
thetat: -5.20615102e-01 thetab: 1.57003190e-01 thetatau: -1.69275395e-01
thetamu: -5.52928809e-03
mGluino:  9.19887572e+02
charginos(1,2):
 2.45485043e+02  5.34609937e+02
thetaL: -2.87878770e-01 thetaR: -1.56857749e-01
neutralinos(1,5):
 1.38138604e+02  2.45155536e+02  3.88793874e+02 -5.22147989e+02  5.35828751e+02
neutralino mixing matrix (5,5):
 9.94040328e-01  5.44670615e-02 -1.25351558e-02 -4.20194612e-02 -8.36325275e-02 
-3.11507173e-02  9.71242022e-01  4.40965789e-02  6.70565192e-02  2.21985320e-01 
 9.80297330e-02 -2.01500680e-01  3.89765202e-02  7.01061180e-01  6.75856272e-01 
-3.52847723e-02  1.11346523e-01 -6.76969392e-02  7.08487348e-01 -6.92690219e-01 
 7.65603000e-03 -2.68645041e-02  9.95889711e-01  1.72246142e-02 -8.44196624e-02 
CP even Higgs mixing matrix: (3,3):
 1.01102181e-01  9.91238187e-01 -8.50012135e-02 
 2.83979512e-02  8.25288558e-02  9.96183991e-01 
 9.94470666e-01 -1.03130235e-01 -1.98052863e-02 
CP odd mixing angle: 1.46065428e+00
lsp is neutralino of mass 1.38138604e+02 GeV
----------------------------------------------------------
singlet VEV: 2.80550072e+03 lambda: 9.95825441e-02 kappa: 9.99984074e-02
 mupr: 0.00000000e+00 xiF: 9.99994692e+01
 alambda: -2.98747632e+01 akappa: -2.99995222e+01
 mSsq: 1.60000000e+05 mSPsq: 0.00000000e+00 xiS: 4.53156278e+06
DEBUG: BC at 2.04621329e+16: ----------------------------------------------------------
Gravitino mass M3/2: 1.00000000e+19
Msusy: 6.70214019e+02 MW: 8.03717326e+01 Predicted MZ: 8.65814589e+01
Data set:
alpha(MZ): 1.27918000e+02  alpha_s(MZ): 1.18900000e-01
mU: 1.20296141e-03  mC: 5.98523809e-01  mt: 1.62728575e+02  mt^pole: 1.70900000e+02
mD: 2.58398864e-03  mS: 5.27793425e-02  mB: 2.73057090e+00  mb(mb):  4.20000000e+00
mE: 5.01478757e-04  mM: 1.03689885e-01  mT: 1.74751353e+00  mb^pole: 4.94930924e+00
aE: 1.27729159e+02  aS: 1.08538593e-01   Q: 1.70900000e+02  mT^pole: 1.77700000e+00
loops: 3        thresholds: 1
----------------------------------------------------------
RPC MSSM parameters at Q: 2.04621329e+16
 UA(3,3):
-8.53908925e-04  0.00000000e+00  0.00000000e+00 
 0.00000000e+00 -4.24857187e-01  0.00000000e+00 
 0.00000000e+00  0.00000000e+00 -1.43158122e+02 
 UD(3,3):
-1.43150355e-02  0.00000000e+00  0.00000000e+00 
 0.00000000e+00 -2.92393114e-01  0.00000000e+00 
 0.00000000e+00  0.00000000e+00 -1.51816250e+01 
 UE(3,3):
-5.85330359e-03  0.00000000e+00  0.00000000e+00 
 0.00000000e+00 -1.21029627e+00  0.00000000e+00 
 0.00000000e+00  0.00000000e+00 -2.10206873e+01 
 mQLsq(3,3):
 1.60000000e+05  0.00000000e+00  0.00000000e+00 
 0.00000000e+00  1.60000000e+05  0.00000000e+00 
 0.00000000e+00  0.00000000e+00  1.60000000e+05 
 mURsq(3,3):
 1.60000000e+05  0.00000000e+00  0.00000000e+00 
 0.00000000e+00  1.60000000e+05  0.00000000e+00 
 0.00000000e+00  0.00000000e+00  1.60000000e+05 
 mDRsq(3,3):
 1.60000000e+05  0.00000000e+00  0.00000000e+00 
 0.00000000e+00  1.60000000e+05  0.00000000e+00 
 0.00000000e+00  0.00000000e+00  1.60000000e+05 
 mLLsq(3,3):
 1.60000000e+05  0.00000000e+00  0.00000000e+00 
 0.00000000e+00  1.60000000e+05  0.00000000e+00 
 0.00000000e+00  0.00000000e+00  1.60000000e+05 
 mSEsq(3,3):
 1.60000000e+05  0.00000000e+00  0.00000000e+00 
 0.00000000e+00  1.60000000e+05  0.00000000e+00 
 0.00000000e+00  0.00000000e+00  1.60000000e+05 
m3sq: 5.76344653e+03 mH1sq: 1.60000000e+05 mH2sq: 1.60000000e+05
Gaugino masses(1,3):
 3.50000000e+02  3.50000000e+02  3.50000000e+02
 mixing: 2
 Y^U(3,3):
 2.84636308e-06  0.00000000e+00  0.00000000e+00 
 0.00000000e+00  1.41619062e-03  0.00000000e+00 
 0.00000000e+00  0.00000000e+00  4.77193742e-01 
 Y^D(3,3):
 4.77167852e-05  0.00000000e+00  0.00000000e+00 
 0.00000000e+00  9.74643713e-04  0.00000000e+00 
 0.00000000e+00  0.00000000e+00  5.06054168e-02 
 Y^E(3,3):
 1.95110120e-05  0.00000000e+00  0.00000000e+00 
 0.00000000e+00  4.03432090e-03  0.00000000e+00 
 0.00000000e+00  0.00000000e+00  7.00689577e-02 
higgs VEV: 2.20127323e+02 tan beta: 7.60054852e+00 smu: 2.85297631e+02
g1: 7.15139138e-01 g2: 7.15602359e-01 g3: 7.06663910e-01
thresholds: 0 #loops: 2
t1/v1(MS)=-1.71926259e+04 t2/v2(MS)=4.61430217e+03
----------------------------------------------------------
Physical MSSM parameters:
mh^0: (1,3):
 8.12474449e+01  4.96084450e+02  6.81462081e+02
mA^0: (1,2):
 5.99395396e+02  6.82100497e+02
mH^+-: 6.85585098e+02
alpha: 0.00000000e+00
sneutrinos(1,3):
 4.61093732e+02  4.61087881e+02  4.59432114e+02
mU~(2,3):
 9.37549018e+02  9.37546046e+02  9.13357467e+02 
 9.19581539e+02  9.19577712e+02  6.92595568e+02 
mD~(2,3):
 9.42064292e+02  9.42061335e+02  8.56755704e+02 
 9.17462385e+02  9.17460082e+02  9.12908441e+02 
mE~(2,3):
 4.70206762e+02  4.70202489e+02  4.70073581e+02 
 4.19583734e+02  4.19569107e+02  4.14198835e+02 
thetat: -5.20615102e-01 thetab: 1.57003190e-01 thetatau: -1.69275395e-01
thetamu: -5.52928809e-03
mGluino:  9.19887572e+02
charginos(1,2):
 2.45485043e+02  5.34609937e+02
thetaL: -2.87878770e-01 thetaR: -1.56857749e-01
neutralinos(1,5):
 1.38138604e+02  2.45155536e+02  3.88793874e+02 -5.22147989e+02  5.35828751e+02
neutralino mixing matrix (5,5):
 9.94040328e-01  5.44670615e-02 -1.25351558e-02 -4.20194612e-02 -8.36325275e-02 
-3.11507173e-02  9.71242022e-01  4.40965789e-02  6.70565192e-02  2.21985320e-01 
 9.80297330e-02 -2.01500680e-01  3.89765202e-02  7.01061180e-01  6.75856272e-01 
-3.52847723e-02  1.11346523e-01 -6.76969392e-02  7.08487348e-01 -6.92690219e-01 
 7.65603000e-03 -2.68645041e-02  9.95889711e-01  1.72246142e-02 -8.44196624e-02 
CP even Higgs mixing matrix: (3,3):
 1.01102181e-01  9.91238187e-01 -8.50012135e-02 
 2.83979512e-02  8.25288558e-02  9.96183991e-01 
 9.94470666e-01 -1.03130235e-01 -1.98052863e-02 
CP odd mixing angle: 1.46065428e+00
lsp is neutralino of mass 1.38138604e+02 GeV
----------------------------------------------------------
singlet VEV: 2.80542186e+03 lambda: 1.00034326e-01 kappa: 9.99984437e-02
 mupr: 0.00000000e+00 xiF: 9.99994813e+01
 alambda: -3.00102977e+01 akappa: -2.99995331e+01
 mSsq: 1.60000000e+05 mSPsq: 0.00000000e+00 xiS: 5.01231953e+06
DEBUG: BC at 2.12150217e+16: ----------------------------------------------------------
Gravitino mass M3/2: 1.00000000e+19
Msusy: 6.69585433e+02 MW: 8.03616802e+01 Predicted MZ: 9.13414565e+01
Data set:
alpha(MZ): 1.27918000e+02  alpha_s(MZ): 1.18900000e-01
mU: 1.20296141e-03  mC: 5.98523809e-01  mt: 1.62728575e+02  mt^pole: 1.70900000e+02
mD: 2.58398864e-03  mS: 5.27793425e-02  mB: 2.73057090e+00  mb(mb):  4.20000000e+00
mE: 5.01478757e-04  mM: 1.03689885e-01  mT: 1.74751353e+00  mb^pole: 4.94930924e+00
aE: 1.27729159e+02  aS: 1.08538593e-01   Q: 1.70900000e+02  mT^pole: 1.77700000e+00
loops: 3        thresholds: 1
----------------------------------------------------------
RPC MSSM parameters at Q: 2.12150217e+16
 UA(3,3):
-8.53514616e-04  0.00000000e+00  0.00000000e+00 
 0.00000000e+00 -4.24661002e-01  0.00000000e+00 
 0.00000000e+00  0.00000000e+00 -1.43176008e+02 
 UD(3,3):
-1.43026916e-02  0.00000000e+00  0.00000000e+00 
 0.00000000e+00 -2.92140982e-01  0.00000000e+00 
 0.00000000e+00  0.00000000e+00 -1.51719986e+01 
 UE(3,3):
-5.85099145e-03  0.00000000e+00  0.00000000e+00 
 0.00000000e+00 -1.20981821e+00  0.00000000e+00 
 0.00000000e+00  0.00000000e+00 -2.10126214e+01 
 mQLsq(3,3):
 1.60000000e+05  0.00000000e+00  0.00000000e+00 
 0.00000000e+00  1.60000000e+05  0.00000000e+00 
 0.00000000e+00  0.00000000e+00  1.60000000e+05 
 mURsq(3,3):
 1.60000000e+05  0.00000000e+00  0.00000000e+00 
 0.00000000e+00  1.60000000e+05  0.00000000e+00 
 0.00000000e+00  0.00000000e+00  1.60000000e+05 
 mDRsq(3,3):
 1.60000000e+05  0.00000000e+00  0.00000000e+00 
 0.00000000e+00  1.60000000e+05  0.00000000e+00 
 0.00000000e+00  0.00000000e+00  1.60000000e+05 
 mLLsq(3,3):
 1.60000000e+05  0.00000000e+00  0.00000000e+00 
 0.00000000e+00  1.60000000e+05  0.00000000e+00 
 0.00000000e+00  0.00000000e+00  1.60000000e+05 
 mSEsq(3,3):
 1.60000000e+05  0.00000000e+00  0.00000000e+00 
 0.00000000e+00  1.60000000e+05  0.00000000e+00 
 0.00000000e+00  0.00000000e+00  1.60000000e+05 
m3sq: 6.13636254e+03 mH1sq: 1.60000000e+05 mH2sq: 1.60000000e+05
Gaugino masses(1,3):
 3.50000000e+02  3.50000000e+02  3.50000000e+02
 mixing: 2
 Y^U(3,3):
 2.84504872e-06  0.00000000e+00  0.00000000e+00 
 0.00000000e+00  1.41553667e-03  0.00000000e+00 
 0.00000000e+00  0.00000000e+00  4.77253361e-01 
 Y^D(3,3):
 4.76756386e-05  0.00000000e+00  0.00000000e+00 
 0.00000000e+00  9.73803273e-04  0.00000000e+00 
 0.00000000e+00  0.00000000e+00  5.05733288e-02 
 Y^E(3,3):
 1.95033048e-05  0.00000000e+00  0.00000000e+00 
 0.00000000e+00  4.03272735e-03  0.00000000e+00 
 0.00000000e+00  0.00000000e+00  7.00420712e-02 
higgs VEV: 2.20041091e+02 tan beta: 7.59714027e+00 smu: 2.85075675e+02
g1: 7.15694783e-01 g2: 7.15707475e-01 g3: 7.06430898e-01
thresholds: 0 #loops: 2
t1/v1(MS)=-1.62393558e+04 t2/v2(MS)=4.98198896e+03
----------------------------------------------------------
Physical MSSM parameters:
mh^0: (1,3):
 8.12474449e+01  4.96084450e+02  6.81462081e+02
mA^0: (1,2):
 5.99395396e+02  6.82100497e+02
mH^+-: 6.85585098e+02
alpha: 0.00000000e+00
sneutrinos(1,3):
 4.61093732e+02  4.61087881e+02  4.59432114e+02
mU~(2,3):
 9.37549018e+02  9.37546046e+02  9.13357467e+02 
 9.19581539e+02  9.19577712e+02  6.92595568e+02 
mD~(2,3):
 9.42064292e+02  9.42061335e+02  8.56755704e+02 
 9.17462385e+02  9.17460082e+02  9.12908441e+02 
mE~(2,3):
 4.70206762e+02  4.70202489e+02  4.70073581e+02 
 4.19583734e+02  4.19569107e+02  4.14198835e+02 
thetat: -5.20615102e-01 thetab: 1.57003190e-01 thetatau: -1.69275395e-01
thetamu: -5.52928809e-03
mGluino:  9.19887572e+02
charginos(1,2):
 2.45485043e+02  5.34609937e+02
thetaL: -2.87878770e-01 thetaR: -1.56857749e-01
neutralinos(1,5):
 1.38138604e+02  2.45155536e+02  3.88793874e+02 -5.22147989e+02  5.35828751e+02
neutralino mixing matrix (5,5):
 9.94040328e-01  5.44670615e-02 -1.25351558e-02 -4.20194612e-02 -8.36325275e-02 
-3.11507173e-02  9.71242022e-01  4.40965789e-02  6.70565192e-02  2.21985320e-01 
 9.80297330e-02 -2.01500680e-01  3.89765202e-02  7.01061180e-01  6.75856272e-01 
-3.52847723e-02  1.11346523e-01 -6.76969392e-02  7.08487348e-01 -6.92690219e-01 
 7.65603000e-03 -2.68645041e-02  9.95889711e-01  1.72246142e-02 -8.44196624e-02 
CP even Higgs mixing matrix: (3,3):
 1.01102181e-01  9.91238187e-01 -8.50012135e-02 
 2.83979512e-02  8.25288558e-02  9.96183991e-01 
 9.94470666e-01 -1.03130235e-01 -1.98052863e-02 
CP odd mixing angle: 1.46065428e+00
lsp is neutralino of mass 1.38138604e+02 GeV
----------------------------------------------------------
singlet VEV: 2.80539956e+03 lambda: 1.00005152e-01 kappa: 1.00003147e-01
 mupr: 0.00000000e+00 xiF: 1.00001049e+02
 alambda: -3.00015457e+01 akappa: -3.00009441e+01
 mSsq: 1.60000000e+05 mSPsq: 0.00000000e+00 xiS: 5.00696743e+06
DEBUG: BC at 2.12359788e+16: ----------------------------------------------------------
Gravitino mass M3/2: 1.00000000e+19
Msusy: 6.69976142e+02 MW: 8.03605953e+01 Predicted MZ: 9.09141902e+01
Data set:
alpha(MZ): 1.27918000e+02  alpha_s(MZ): 1.18900000e-01
mU: 1.20296141e-03  mC: 5.98523809e-01  mt: 1.62728575e+02  mt^pole: 1.70900000e+02
mD: 2.58398864e-03  mS: 5.27793425e-02  mB: 2.73057090e+00  mb(mb):  4.20000000e+00
mE: 5.01478757e-04  mM: 1.03689885e-01  mT: 1.74751353e+00  mb^pole: 4.94930924e+00
aE: 1.27729159e+02  aS: 1.08538593e-01   Q: 1.70900000e+02  mT^pole: 1.77700000e+00
loops: 3        thresholds: 1
----------------------------------------------------------
RPC MSSM parameters at Q: 2.12359788e+16
 UA(3,3):
-8.53534577e-04  0.00000000e+00  0.00000000e+00 
 0.00000000e+00 -4.24670934e-01  0.00000000e+00 
 0.00000000e+00  0.00000000e+00 -1.43180755e+02 
 UD(3,3):
-1.43027960e-02  0.00000000e+00  0.00000000e+00 
 0.00000000e+00 -2.92143115e-01  0.00000000e+00 
 0.00000000e+00  0.00000000e+00 -1.51711732e+01 
 UE(3,3):
-5.85097099e-03  0.00000000e+00  0.00000000e+00 
 0.00000000e+00 -1.20981398e+00  0.00000000e+00 
 0.00000000e+00  0.00000000e+00 -2.10126588e+01 
 mQLsq(3,3):
 1.60000000e+05  0.00000000e+00  0.00000000e+00 
 0.00000000e+00  1.60000000e+05  0.00000000e+00 
 0.00000000e+00  0.00000000e+00  1.60000000e+05 
 mURsq(3,3):
 1.60000000e+05  0.00000000e+00  0.00000000e+00 
 0.00000000e+00  1.60000000e+05  0.00000000e+00 
 0.00000000e+00  0.00000000e+00  1.60000000e+05 
 mDRsq(3,3):
 1.60000000e+05  0.00000000e+00  0.00000000e+00 
 0.00000000e+00  1.60000000e+05  0.00000000e+00 
 0.00000000e+00  0.00000000e+00  1.60000000e+05 
 mLLsq(3,3):
 1.60000000e+05  0.00000000e+00  0.00000000e+00 
 0.00000000e+00  1.60000000e+05  0.00000000e+00 
 0.00000000e+00  0.00000000e+00  1.60000000e+05 
 mSEsq(3,3):
 1.60000000e+05  0.00000000e+00  0.00000000e+00 
 0.00000000e+00  1.60000000e+05  0.00000000e+00 
 0.00000000e+00  0.00000000e+00  1.60000000e+05 
m3sq: 5.97029993e+03 mH1sq: 1.60000000e+05 mH2sq: 1.60000000e+05
Gaugino masses(1,3):
 3.50000000e+02  3.50000000e+02  3.50000000e+02
 mixing: 2
 Y^U(3,3):
 2.84511526e-06  0.00000000e+00  0.00000000e+00 
 0.00000000e+00  1.41556978e-03  0.00000000e+00 
 0.00000000e+00  0.00000000e+00  4.77269182e-01 
 Y^D(3,3):
 4.76759868e-05  0.00000000e+00  0.00000000e+00 
 0.00000000e+00  9.73810385e-04  0.00000000e+00 
 0.00000000e+00  0.00000000e+00  5.05705774e-02 
 Y^E(3,3):
 1.95032366e-05  0.00000000e+00  0.00000000e+00 
 0.00000000e+00  4.03271325e-03  0.00000000e+00 
 0.00000000e+00  0.00000000e+00  7.00421960e-02 
higgs VEV: 2.20036564e+02 tan beta: 7.59700860e+00 smu: 2.85762495e+02
g1: 7.15707102e-01 g2: 7.15704751e-01 g3: 7.06418214e-01
thresholds: 0 #loops: 2
t1/v1(MS)=-1.63985689e+04 t2/v2(MS)=4.93562668e+03
----------------------------------------------------------
Physical MSSM parameters:
mh^0: (1,3):
 8.12474449e+01  4.96084450e+02  6.81462081e+02
mA^0: (1,2):
 5.99395396e+02  6.82100497e+02
mH^+-: 6.85585098e+02
alpha: 0.00000000e+00
sneutrinos(1,3):
 4.61093732e+02  4.61087881e+02  4.59432114e+02
mU~(2,3):
 9.37549018e+02  9.37546046e+02  9.13357467e+02 
 9.19581539e+02  9.19577712e+02  6.92595568e+02 
mD~(2,3):
 9.42064292e+02  9.42061335e+02  8.56755704e+02 
 9.17462385e+02  9.17460082e+02  9.12908441e+02 
mE~(2,3):
 4.70206762e+02  4.70202489e+02  4.70073581e+02 
 4.19583734e+02  4.19569107e+02  4.14198835e+02 
thetat: -5.20615102e-01 thetab: 1.57003190e-01 thetatau: -1.69275395e-01
thetamu: -5.52928809e-03
mGluino:  9.19887572e+02
charginos(1,2):
 2.45485043e+02  5.34609937e+02
thetaL: -2.87878770e-01 thetaR: -1.56857749e-01
neutralinos(1,5):
 1.38138604e+02  2.45155536e+02  3.88793874e+02 -5.22147989e+02  5.35828751e+02
neutralino mixing matrix (5,5):
 9.94040328e-01  5.44670615e-02 -1.25351558e-02 -4.20194612e-02 -8.36325275e-02 
-3.11507173e-02  9.71242022e-01  4.40965789e-02  6.70565192e-02  2.21985320e-01 
 9.80297330e-02 -2.01500680e-01  3.89765202e-02  7.01061180e-01  6.75856272e-01 
-3.52847723e-02  1.11346523e-01 -6.76969392e-02  7.08487348e-01 -6.92690219e-01 
 7.65603000e-03 -2.68645041e-02  9.95889711e-01  1.72246142e-02 -8.44196624e-02 
CP even Higgs mixing matrix: (3,3):
 1.01102181e-01  9.91238187e-01 -8.50012135e-02 
 2.83979512e-02  8.25288558e-02  9.96183991e-01 
 9.94470666e-01 -1.03130235e-01 -1.98052863e-02 
CP odd mixing angle: 1.46065428e+00
lsp is neutralino of mass 1.38138604e+02 GeV
----------------------------------------------------------
singlet VEV: 2.80540100e+03 lambda: 1.00000948e-01 kappa: 1.00000092e-01
 mupr: 0.00000000e+00 xiF: 1.00000031e+02
 alambda: -3.00002844e+01 akappa: -3.00000277e+01
 mSsq: 1.60000000e+05 mSPsq: 0.00000000e+00 xiS: 5.00950655e+06
DEBUG: BC at 2.12320959e+16: ----------------------------------------------------------
Gravitino mass M3/2: 1.00000000e+19
Msusy: 6.69954994e+02 MW: 8.03609193e+01 Predicted MZ: 9.12010952e+01
Data set:
alpha(MZ): 1.27918000e+02  alpha_s(MZ): 1.18900000e-01
mU: 1.20296141e-03  mC: 5.98523809e-01  mt: 1.62728575e+02  mt^pole: 1.70900000e+02
mD: 2.58398864e-03  mS: 5.27793425e-02  mB: 2.73057090e+00  mb(mb):  4.20000000e+00
mE: 5.01478757e-04  mM: 1.03689885e-01  mT: 1.74751353e+00  mb^pole: 4.94930924e+00
aE: 1.27729159e+02  aS: 1.08538593e-01   Q: 1.70900000e+02  mT^pole: 1.77700000e+00
loops: 3        thresholds: 1
----------------------------------------------------------
RPC MSSM parameters at Q: 2.12320959e+16
 UA(3,3):
-8.53535006e-04  0.00000000e+00  0.00000000e+00 
 0.00000000e+00 -4.24671147e-01  0.00000000e+00 
 0.00000000e+00  0.00000000e+00 -1.43181578e+02 
 UD(3,3):
-1.43028007e-02  0.00000000e+00  0.00000000e+00 
 0.00000000e+00 -2.92143211e-01  0.00000000e+00 
 0.00000000e+00  0.00000000e+00 -1.51712331e+01 
 UE(3,3):
-5.85096057e-03  0.00000000e+00  0.00000000e+00 
 0.00000000e+00 -1.20981182e+00  0.00000000e+00 
 0.00000000e+00  0.00000000e+00 -2.10126185e+01 
 mQLsq(3,3):
 1.60000000e+05  0.00000000e+00  0.00000000e+00 
 0.00000000e+00  1.60000000e+05  0.00000000e+00 
 0.00000000e+00  0.00000000e+00  1.60000000e+05 
 mURsq(3,3):
 1.60000000e+05  0.00000000e+00  0.00000000e+00 
 0.00000000e+00  1.60000000e+05  0.00000000e+00 
 0.00000000e+00  0.00000000e+00  1.60000000e+05 
 mDRsq(3,3):
 1.60000000e+05  0.00000000e+00  0.00000000e+00 
 0.00000000e+00  1.60000000e+05  0.00000000e+00 
 0.00000000e+00  0.00000000e+00  1.60000000e+05 
 mLLsq(3,3):
 1.60000000e+05  0.00000000e+00  0.00000000e+00 
 0.00000000e+00  1.60000000e+05  0.00000000e+00 
 0.00000000e+00  0.00000000e+00  1.60000000e+05 
 mSEsq(3,3):
 1.60000000e+05  0.00000000e+00  0.00000000e+00 
 0.00000000e+00  1.60000000e+05  0.00000000e+00 
 0.00000000e+00  0.00000000e+00  1.60000000e+05 
m3sq: 5.97208401e+03 mH1sq: 1.60000000e+05 mH2sq: 1.60000000e+05
Gaugino masses(1,3):
 3.50000000e+02  3.50000000e+02  3.50000000e+02
 mixing: 2
 Y^U(3,3):
 2.84511669e-06  0.00000000e+00  0.00000000e+00 
 0.00000000e+00  1.41557049e-03  0.00000000e+00 
 0.00000000e+00  0.00000000e+00  4.77271928e-01 
 Y^D(3,3):
 4.76760023e-05  0.00000000e+00  0.00000000e+00 
 0.00000000e+00  9.73810702e-04  0.00000000e+00 
 0.00000000e+00  0.00000000e+00  5.05707770e-02 
 Y^E(3,3):
 1.95032019e-05  0.00000000e+00  0.00000000e+00 
 0.00000000e+00  4.03270607e-03  0.00000000e+00 
 0.00000000e+00  0.00000000e+00  7.00420618e-02 
higgs VEV: 2.20037353e+02 tan beta: 7.59700894e+00 smu: 2.85770951e+02
g1: 7.15704332e-01 g2: 7.15704176e-01 g3: 7.06419463e-01
thresholds: 0 #loops: 2
t1/v1(MS)=-1.63394224e+04 t2/v2(MS)=4.95904140e+03
----------------------------------------------------------
Physical MSSM parameters:
mh^0: (1,3):
 8.12474449e+01  4.96084450e+02  6.81462081e+02
mA^0: (1,2):
 5.99395396e+02  6.82100497e+02
mH^+-: 6.85585098e+02
alpha: 0.00000000e+00
sneutrinos(1,3):
 4.61093732e+02  4.61087881e+02  4.59432114e+02
mU~(2,3):
 9.37549018e+02  9.37546046e+02  9.13357467e+02 
 9.19581539e+02  9.19577712e+02  6.92595568e+02 
mD~(2,3):
 9.42064292e+02  9.42061335e+02  8.56755704e+02 
 9.17462385e+02  9.17460082e+02  9.12908441e+02 
mE~(2,3):
 4.70206762e+02  4.70202489e+02  4.70073581e+02 
 4.19583734e+02  4.19569107e+02  4.14198835e+02 
thetat: -5.20615102e-01 thetab: 1.57003190e-01 thetatau: -1.69275395e-01
thetamu: -5.52928809e-03
mGluino:  9.19887572e+02
charginos(1,2):
 2.45485043e+02  5.34609937e+02
thetaL: -2.87878770e-01 thetaR: -1.56857749e-01
neutralinos(1,5):
 1.38138604e+02  2.45155536e+02  3.88793874e+02 -5.22147989e+02  5.35828751e+02
neutralino mixing matrix (5,5):
 9.94040328e-01  5.44670615e-02 -1.25351558e-02 -4.20194612e-02 -8.36325275e-02 
-3.11507173e-02  9.71242022e-01  4.40965789e-02  6.70565192e-02  2.21985320e-01 
 9.80297330e-02 -2.01500680e-01  3.89765202e-02  7.01061180e-01  6.75856272e-01 
-3.52847723e-02  1.11346523e-01 -6.76969392e-02  7.08487348e-01 -6.92690219e-01 
 7.65603000e-03 -2.68645041e-02  9.95889711e-01  1.72246142e-02 -8.44196624e-02 
CP even Higgs mixing matrix: (3,3):
 1.01102181e-01  9.91238187e-01 -8.50012135e-02 
 2.83979512e-02  8.25288558e-02  9.96183991e-01 
 9.94470666e-01 -1.03130235e-01 -1.98052863e-02 
CP odd mixing angle: 1.46065428e+00
lsp is neutralino of mass 1.38138604e+02 GeV
----------------------------------------------------------
singlet VEV: 2.80540135e+03 lambda: 1.00000197e-01 kappa: 9.99999870e-02
 mupr: 0.00000000e+00 xiF: 9.99999957e+01
 alambda: -3.00000592e+01 akappa: -2.99999961e+01
 mSsq: 1.60000000e+05 mSPsq: 0.00000000e+00 xiS: 5.00879021e+06
DEBUG: BC at 2.12318370e+16: ----------------------------------------------------------
Gravitino mass M3/2: 1.00000000e+19
Msusy: 6.69954073e+02 MW: 8.03609399e+01 Predicted MZ: 9.11880629e+01
Data set:
alpha(MZ): 1.27918000e+02  alpha_s(MZ): 1.18900000e-01
mU: 1.20296141e-03  mC: 5.98523809e-01  mt: 1.62728575e+02  mt^pole: 1.70900000e+02
mD: 2.58398864e-03  mS: 5.27793425e-02  mB: 2.73057090e+00  mb(mb):  4.20000000e+00
mE: 5.01478757e-04  mM: 1.03689885e-01  mT: 1.74751353e+00  mb^pole: 4.94930924e+00
aE: 1.27729159e+02  aS: 1.08538593e-01   Q: 1.70900000e+02  mT^pole: 1.77700000e+00
loops: 3        thresholds: 1
----------------------------------------------------------
RPC MSSM parameters at Q: 2.12318370e+16
 UA(3,3):
-8.53535125e-04  0.00000000e+00  0.00000000e+00 
 0.00000000e+00 -4.24671206e-01  0.00000000e+00 
 0.00000000e+00  0.00000000e+00 -1.43181661e+02 
 UD(3,3):
-1.43028013e-02  0.00000000e+00  0.00000000e+00 
 0.00000000e+00 -2.92143222e-01  0.00000000e+00 
 0.00000000e+00  0.00000000e+00 -1.51712366e+01 
 UE(3,3):
-5.85096033e-03  0.00000000e+00  0.00000000e+00 
 0.00000000e+00 -1.20981177e+00  0.00000000e+00 
 0.00000000e+00  0.00000000e+00 -2.10126170e+01 
 mQLsq(3,3):
 1.60000000e+05  0.00000000e+00  0.00000000e+00 
 0.00000000e+00  1.60000000e+05  0.00000000e+00 
 0.00000000e+00  0.00000000e+00  1.60000000e+05 
 mURsq(3,3):
 1.60000000e+05  0.00000000e+00  0.00000000e+00 
 0.00000000e+00  1.60000000e+05  0.00000000e+00 
 0.00000000e+00  0.00000000e+00  1.60000000e+05 
 mDRsq(3,3):
 1.60000000e+05  0.00000000e+00  0.00000000e+00 
 0.00000000e+00  1.60000000e+05  0.00000000e+00 
 0.00000000e+00  0.00000000e+00  1.60000000e+05 
 mLLsq(3,3):
 1.60000000e+05  0.00000000e+00  0.00000000e+00 
 0.00000000e+00  1.60000000e+05  0.00000000e+00 
 0.00000000e+00  0.00000000e+00  1.60000000e+05 
 mSEsq(3,3):
 1.60000000e+05  0.00000000e+00  0.00000000e+00 
 0.00000000e+00  1.60000000e+05  0.00000000e+00 
 0.00000000e+00  0.00000000e+00  1.60000000e+05 
m3sq: 5.97216297e+03 mH1sq: 1.60000000e+05 mH2sq: 1.60000000e+05
Gaugino masses(1,3):
 3.50000000e+02  3.50000000e+02  3.50000000e+02
 mixing: 2
 Y^U(3,3):
 2.84511708e-06  0.00000000e+00  0.00000000e+00 
 0.00000000e+00  1.41557069e-03  0.00000000e+00 
 0.00000000e+00  0.00000000e+00  4.77272203e-01 
 Y^D(3,3):
 4.76760042e-05  0.00000000e+00  0.00000000e+00 
 0.00000000e+00  9.73810741e-04  0.00000000e+00 
 0.00000000e+00  0.00000000e+00  5.05707888e-02 
 Y^E(3,3):
 1.95032011e-05  0.00000000e+00  0.00000000e+00 
 0.00000000e+00  4.03270590e-03  0.00000000e+00 
 0.00000000e+00  0.00000000e+00  7.00420565e-02 
higgs VEV: 2.20037366e+02 tan beta: 7.59700830e+00 smu: 2.85769040e+02
g1: 7.15704117e-01 g2: 7.15704200e-01 g3: 7.06419561e-01
thresholds: 0 #loops: 2
t1/v1(MS)=-1.63422813e+04 t2/v2(MS)=4.95784009e+03
----------------------------------------------------------
Physical MSSM parameters:
mh^0: (1,3):
 8.12474449e+01  4.96084450e+02  6.81462081e+02
mA^0: (1,2):
 5.99395396e+02  6.82100497e+02
mH^+-: 6.85585098e+02
alpha: 0.00000000e+00
sneutrinos(1,3):
 4.61093732e+02  4.61087881e+02  4.59432114e+02
mU~(2,3):
 9.37549018e+02  9.37546046e+02  9.13357467e+02 
 9.19581539e+02  9.19577712e+02  6.92595568e+02 
mD~(2,3):
 9.42064292e+02  9.42061335e+02  8.56755704e+02 
 9.17462385e+02  9.17460082e+02  9.12908441e+02 
mE~(2,3):
 4.70206762e+02  4.70202489e+02  4.70073581e+02 
 4.19583734e+02  4.19569107e+02  4.14198835e+02 
thetat: -5.20615102e-01 thetab: 1.57003190e-01 thetatau: -1.69275395e-01
thetamu: -5.52928809e-03
mGluino:  9.19887572e+02
charginos(1,2):
 2.45485043e+02  5.34609937e+02
thetaL: -2.87878770e-01 thetaR: -1.56857749e-01
neutralinos(1,5):
 1.38138604e+02  2.45155536e+02  3.88793874e+02 -5.22147989e+02  5.35828751e+02
neutralino mixing matrix (5,5):
 9.94040328e-01  5.44670615e-02 -1.25351558e-02 -4.20194612e-02 -8.36325275e-02 
-3.11507173e-02  9.71242022e-01  4.40965789e-02  6.70565192e-02  2.21985320e-01 
 9.80297330e-02 -2.01500680e-01  3.89765202e-02  7.01061180e-01  6.75856272e-01 
-3.52847723e-02  1.11346523e-01 -6.76969392e-02  7.08487348e-01 -6.92690219e-01 
 7.65603000e-03 -2.68645041e-02  9.95889711e-01  1.72246142e-02 -8.44196624e-02 
CP even Higgs mixing matrix: (3,3):
 1.01102181e-01  9.91238187e-01 -8.50012135e-02 
 2.83979512e-02  8.25288558e-02  9.96183991e-01 
 9.94470666e-01 -1.03130235e-01 -1.98052863e-02 
CP odd mixing angle: 1.46065428e+00
lsp is neutralino of mass 1.38138604e+02 GeV
----------------------------------------------------------
singlet VEV: 2.80540140e+03 lambda: 1.00000018e-01 kappa: 9.99999992e-02
 mupr: 0.00000000e+00 xiF: 9.99999997e+01
 alambda: -3.00000053e+01 akappa: -2.99999998e+01
 mSsq: 1.60000000e+05 mSPsq: 0.00000000e+00 xiS: 5.00876641e+06
# SOFTSUSY4.1.7 SLHA compliant output
# B.C. Allanach, Comput. Phys. Commun. 143 (2002) 305-331, hep-ph/0104145
# B.C. Allanach, P. Athron, L.C. Tunstall, A. Voigt and A.~G.~Williams,
# Comput. Phys. Commun. 185 (2014) 2322, arXiv:1311.7659
Block SPINFO          # Program information
     1    SOFTSUSY    # spectrum calculator
     2    4.1.7       # version number
Block MODSEL  # Select model
     1    1   # sugra
     3    1   # NMSSM
     9    0   # call micrOmegas (default: 0 = no)
    13    1   # sparticle decays via NMSDECAY (default: 0)
    12    6.69954005e+02   # parameter output scale
Block SMINPUTS             # Standard Model inputs
     1    1.27918000e+02   # alpha_em^(-1)(MZ) SM MSbar
     2    1.16639000e-05   # G_Fermi
     3    1.18900000e-01   # alpha_s(MZ)MSbar
     4    9.11876000e+01   # MZ(pole)
     5    4.20000000e+00   # mb(mb)
     6    1.70900000e+02   # Mtop(pole)
     7    1.77700000e+00   # Mtau(pole)
Block MINPAR               # SUSY breaking input parameters
     3    1.00000000e+01   # tanb, DRbar, Feynman gauge
     4    1.00000000e+00   # sign(mu)
     1    4.00000000e+02   # m0
     2    3.50000000e+02   # m12
     5   -3.00000000e+02   # A0
Block EXTPAR               # scale of SUSY breaking BCs
     0    2.12319748e+16   # MX scale
# SOFTSUSY-specific non SLHA information:
# mixing=2 Desired accuracy=1.00000000e-04 Achieved accuracy=5.07611438e-06
# 3-loop RGE corrections are off. 2-loop Yukawa/g3 thresholds are off
# 2-loop SUSY QCD computation of squark/gluino pole masses are off
# Matching scale=1.70900000e+02
# Z3 = 0, SoftHiggsOut = 0
Block MASS                      # Mass spectrum
# PDG code     mass             particle
        24     8.03609399e+01   # MW
        25     1.07750814e+02   # h0(1)
        35     5.19544276e+02   # h0(2)
        45     6.71844147e+02   # h0(3)
        36     5.82162087e+02   # A0(1)
        46     6.72339587e+02   # A0(2)
        37     6.76965598e+02   # H+
   1000021     8.46244668e+02   # ~g
   1000022     1.41628463e+02   # ~neutralino(1)
   1000023     2.67546174e+02   # ~neutralino(2)
   1000024     2.67585705e+02   # ~chargino(1)
   1000025     3.89676703e+02   # ~neutralino(3)
   1000035    -5.08769114e+02   # ~neutralino(4)
   1000037     5.22720876e+02   # ~chargino(2)
