a(2,2):
 3.000000e+00+0.000000e+00i  1.400000e+00+1.800000e+00i 
 1.400000e+00-1.800000e+00i  3.200000e+00+0.000000e+00i 
b(4,4):
 3.000000e+00  1.400000e+00  0.000000e+00 -1.800000e+00 
 1.400000e+00  3.200000e+00  1.800000e+00  0.000000e+00 
 0.000000e+00  1.800000e+00  3.000000e+00  1.400000e+00 
-1.800000e+00  0.000000e+00  1.400000e+00  3.200000e+00 
(4,4):
 9.190732e-02 -5.953634e-01  7.165601e-01 -3.516206e-01 
 7.165601e-01 -3.516206e-01 -9.190732e-02  5.953634e-01 
-5.175800e-01  4.611833e-02  4.584818e-01  7.209567e-01 
 4.584818e-01  7.209567e-01  5.175800e-01 -4.611833e-02 
*(4,4):
 3.000000e+00  1.400000e+00  0.000000e+00 -1.800000e+00 
 1.400000e+00  3.200000e+00  1.800000e+00  0.000000e+00 
 0.000000e+00  1.800000e+00  3.000000e+00  1.400000e+00 
-1.800000e+00  0.000000e+00  1.400000e+00  3.200000e+00 
*(4,4):
 9.190732e-02  7.165601e-01 -5.175800e-01  4.584818e-01 
-5.953634e-01 -3.516206e-01  4.611833e-02  7.209567e-01 
 7.165601e-01 -9.190732e-02  4.584818e-01  5.175800e-01 
-3.516206e-01  5.953634e-01  7.209567e-01 -4.611833e-02 
=(4,4):
 8.174576e-01 -1.583613e-16 -1.181916e-16  1.010798e-16 
-9.668373e-17  8.174576e-01  6.063943e-16 -3.550356e-16 
-6.093216e-17  3.740497e-16  5.382542e+00  6.518766e-17 
-2.463307e-16 -1.866454e-16 -2.593141e-16  5.382542e+00 
opposed to (1,4):
 8.174576e-01  8.174576e-01  5.382542e+00  5.382542e+00

4.697232e-16 Realified matrix: (4,4):
 3.000000e+00  1.400000e+00  0.000000e+00 -1.800000e+00 
 1.400000e+00  3.200000e+00  1.800000e+00  0.000000e+00 
 0.000000e+00  1.800000e+00  3.000000e+00  1.400000e+00 
-1.800000e+00  0.000000e+00  1.400000e+00  3.200000e+00 
and eigenvecs(4,4):
 9.190732e-02  7.165601e-01 -5.175800e-01  4.584818e-01 
-5.953634e-01 -3.516206e-01  4.611833e-02  7.209567e-01 
 7.165601e-01 -9.190732e-02  4.584818e-01  5.175800e-01 
-3.516206e-01  5.953634e-01  7.209567e-01 -4.611833e-02 
and eigenvals(1,4):
 8.174576e-01  8.174576e-01  5.382542e+00  5.382542e+00

V A V^T=(4,4):
 1.177836e+00 -3.604635e-01  6.605479e-01  9.741803e-01 
-3.604635e-01  5.294793e+00 -3.718989e-01  3.530453e-01 
 6.605479e-01 -3.718989e-01  2.048456e+00  1.878729e+00 
 9.741803e-01  3.530453e-01  1.878729e+00  3.878915e+00 
Checking eigenvectors of realified system
Real evec1 is (1,4):
 9.190732e-02 -5.953634e-01  7.165601e-01 -3.516206e-01
Complex evec: (1,2):
 (1)=9.190732e-02+7.165601e-01i -5.953634e-01-3.516206e-01i
ans: (1,2):
 (1)=4.163336e-17-1.110223e-16i 1.665335e-16-2.220446e-16i
Real evec2 is (1,4):
 7.165601e-01 -3.516206e-01 -9.190732e-02  5.953634e-01
Complex evec: (1,2):
 (1)=7.165601e-01-9.190732e-02i -3.516206e-01+5.953634e-01i
ans: (1,2):
 (1)=-1.110223e-15+9.714451e-17i -1.665335e-16+2.775558e-16i
Real evec3 is (1,4):
-5.175800e-01  4.611833e-02  4.584818e-01  7.209567e-01
Complex evec: (1,2):
 (1)=-5.175800e-01+4.584818e-01i 4.611833e-02+7.209567e-01i
ans: (1,2):
 (1)=2.220446e-16+0.000000e+00i -1.110223e-16+4.440892e-16i
Real evec4 is (1,4):
 4.584818e-01  7.209567e-01  5.175800e-01 -4.611833e-02
Complex evec: (1,2):
 (1)=4.584818e-01+5.175800e-01i 7.209567e-01-4.611833e-02i
ans: (1,2):
 (1)=-6.661338e-16-4.440892e-16i -6.661338e-16-1.665335e-16i
