a0: 2.263322e+06 2.263322e+06
IN HERE
b0: 3.194139e-01 3.194139e-01+7.641662e-103i
