b(4,4):
 3.000000e+00  1.400000e+00  0.000000e+00  1.800000e+00 
 1.400000e+00  3.200000e+00 -1.800000e+00  0.000000e+00 
 0.000000e+00 -1.800000e+00  3.000000e+00  1.400000e+00 
 1.800000e+00  0.000000e+00  1.400000e+00  3.200000e+00 
(4,4):
 9.190732e-02 -5.953634e-01 -7.165601e-01  3.516206e-01 
 7.165601e-01 -3.516206e-01  9.190732e-02 -5.953634e-01 
 5.175800e-01 -4.611833e-02  4.584818e-01  7.209567e-01 
 4.584818e-01  7.209567e-01 -5.175800e-01  4.611833e-02 
*(4,4):
 3.000000e+00  1.400000e+00  0.000000e+00  1.800000e+00 
 1.400000e+00  3.200000e+00 -1.800000e+00  0.000000e+00 
 0.000000e+00 -1.800000e+00  3.000000e+00  1.400000e+00 
 1.800000e+00  0.000000e+00  1.400000e+00  3.200000e+00 
*(4,4):
 9.190732e-02  7.165601e-01  5.175800e-01  4.584818e-01 
-5.953634e-01 -3.516206e-01 -4.611833e-02  7.209567e-01 
-7.165601e-01  9.190732e-02  4.584818e-01 -5.175800e-01 
 3.516206e-01 -5.953634e-01  7.209567e-01  4.611833e-02 
=(4,4):
 8.174576e-01 -4.203994e-17  1.614377e-16  2.667883e-16 
-7.485061e-17  8.174576e-01 -3.352895e-16 -4.592867e-16 
 6.754580e-17 -3.740497e-16  5.382542e+00 -6.518766e-17 
-2.601137e-16 -2.421566e-16  2.593141e-16  5.382542e+00 
opposed to (1,4):
 8.174576e-01  8.174576e-01  5.382542e+00  5.382542e+00

