mU: 1.31833033e-03  mC: 6.02780269e-01  mt: 1.64760386e+02  mt^pole: 1.73300000e+02
mD: 2.62347938e-03  mS: 5.74403905e-02  mB: 2.73756973e+00  mb(mb):  4.20000000e+00
mE: 5.01454027e-04  mM: 1.03684780e-01  mT: 1.74742422e+00  mb^pole: 4.93897762e+00
aE: 1.27719961e+02  aS: 1.07361964e-01   Q: 1.73300000e+02  mT^pole: 1.77700000e+00
loops: 3        thresholds: 1
